# Detector n: 400MeV 1D Projection 1
0 0.03 0.002472660039 0.007909630949
0.03 0.06 0.002473160159 0.001498038091
0.06 0.09 0.002473957371 0.008287541277
0.09 0.12 0.002474220702 0.006487607607
0.12 0.15 0.002475011162 0.006152875721
0.15 0.18 0.002475409769 0.007717144035
0.18 0.21 0.002476005582 0.004126983185
0.21 0.24 0.002476909198 0.006778852548
0.24 0.27 0.002477563918 0.006501509779
0.27 0.3 0.002478106646 0.002940167906
0.3 0.33 0.002478843322 0.00662485254
0.33 0.36 0.002479650313 0.01020729615
0.36 0.39 0.002480269643 0.00503245974
0.39 0.42 0.002480963012 0.009682065138
0.42 0.45 0.00248111994 0.01167271766
0.45 0.48 0.002481892006 0.01156520957
0.48 0.51 0.002482752316 0.006064730405
0.51 0.54 0.002483136719 0.008971759962
0.54 0.57 0.002483708318 0.004627806265
0.57 0.6 0.002484405413 0.007638077659
0.6 0.63 0.002485094126 0.008608643111
0.63 0.66 0.002486026613 0.004292726953
0.66 0.69 0.00248665479 0.008187892672
0.69 0.72 0.002486990066 0.009190058336
0.72 0.75 0.002487666905 0.004244309457
0.75 0.78 0.002488437574 0.005737271567
0.78 0.81 0.002489171224 0.006814530207
0.81 0.84 0.002489828505 0.007453912986
0.84 0.87 0.002490299288 0.001613297718
0.87 0.9 0.002490991028 0.008862197865
0.9 0.93 0.002491602907 0.004914953388
0.93 0.96 0.002492343076 0.009220485663
0.96 0.99 0.00249302201 0.008946639718
0.99 1.02 0.002493653679 0.006833200314
1.02 1.05 0.002494411543 0.00467883001
1.05 1.08 0.002495304914 0.007153020124
1.08 1.11 0.002495472552 0.01090332953
1.11 1.14 0.002496001078 0.005182519817
1.14 1.17 0.002496712375 0.003647825724
1.17 1.2 0.00249795639 0.004401455953
1.2 1.23 0.002498552902 0.01039130948
1.23 1.26 0.002499373397 0.00867939234
1.26 1.29 0.002499560593 0.006936481805
1.29 1.32 0.002500388538 0.009078349103
1.32 1.35 0.002501270268 0.002910518924
1.35 1.38 0.002501638839 0.00603035478
1.38 1.41 0.002502727089 0.005597819472
1.41 1.44 0.002503395313 0.009892549133
1.44 1.47 0.00250384002 0.01058721537
1.47 1.5 0.002504592761 0.009062697791
1.5 1.53 0.002505438868 0.01184143184
1.53 1.56 0.002506039804 0.008859235822
1.56 1.59 0.002506720368 0.00591246062
1.59 1.62 0.002507528989 0.004970677037
1.62 1.65 0.002508326201 0.01172531702
1.65 1.68 0.002509074518 0.009687706915
1.68 1.71 0.002509732032 0.004892444849
1.71 1.74 0.002510362305 0.006605390081
1.74 1.77 0.002511156723 0.006757320807
1.77 1.8 0.002512253122 0.008187888307
1.8 1.83 0.002512439853 0.008778179472
1.83 1.86 0.00251317746 0.007717443805
1.86 1.89 0.002514183521 0.00951230395
1.89 1.92 0.002515088068 0.01172013435
1.92 1.95 0.0025154131 0.01206126035
1.95 1.98 0.002516102744 0.01104720213
1.98 2.01 0.002517068991 0.008580250142
2.01 2.04 0.002517597284 0.01496903569
2.04 2.07 0.002518514171 0.004013535727
2.07 2.1 0.002519493457 0.01196544181
2.1 2.13 0.002519838745 0.01120277157
2.13 2.16 0.002520807087 0.007173329504
2.16 2.19 0.002521256683 0.006091017349
2.19 2.22 0.002522173338 0.01376296423
2.22 2.25 0.002522774274 0.00886975613
2.25 2.28 0.00252374541 0.006724179548
2.28 2.31 0.002524639014 0.01231623901
2.31 2.34 0.002525214804 0.01010526248
2.34 2.37 0.002526034368 0.01428261457
2.37 2.4 0.002526971977 0.006680163642
2.4 2.43 0.002527792007 0.01211006747
2.43 2.46 0.002528700279 0.00801443457
2.46 2.49 0.002529110294 0.009821133426
2.49 2.52 0.002530091908 0.01011903732
2.52 2.55 0.002530602971 0.01657503599
2.55 2.58 0.002531548031 0.01143644404
2.58 2.61 0.002532417653 0.01405969961
2.61 2.64 0.002533198101 0.01147888979
2.64 2.67 0.002533994149 0.01359245362
2.67 2.7 0.002534712199 0.02050808544
2.7 2.73 0.002535383217 0.01440994965
2.73 2.76 0.002536307788 0.01309452491
2.76 2.79 0.002537247725 0.01605366124
2.79 2.82 0.002537798602 0.01755367412
2.82 2.85 0.002538863337 0.01348034566
2.85 2.88 0.002539545996 0.01658774854
2.88 2.91 0.002540732967 0.01556111383
2.91 2.94 0.002541678259 0.01442513021
2.94 2.97 0.002542007715 0.01567622385
2.97 3 0.002543058014 0.0146889477
3 3.03 0.002543698298 0.01516300254
3.03 3.06 0.002545141848 0.01274746319
3.06 3.09 0.002545392141 0.01334675617
3.09 3.12 0.002546260366 0.01230357448
3.12 3.15 0.002547469223 0.0161737029
3.15 3.18 0.002548062475 0.01987861324
3.18 3.21 0.002549060853 0.01165424983
3.21 3.24 0.002549684141 0.009543652413
3.24 3.27 0.002550842939 0.01792180847
3.27 3.3 0.002551820828 0.009293529729
3.3 3.33 0.002552296501 0.008170118963
3.33 3.36 0.002552971011 0.01089318612
3.36 3.39 0.002554202452 0.0138157382
3.39 3.42 0.002554959385 0.01231145725
3.42 3.45 0.002556135645 0.008647151844
3.45 3.48 0.002556578023 0.01494141325
3.48 3.51 0.002557466039 0.01302793535
3.51 3.54 0.002558470238 0.01191222909
3.54 3.57 0.002559524262 0.01302665332
3.57 3.6 0.00255999295 0.01387738448
3.6 3.63 0.002561091213 0.0183504264
3.63 3.66 0.002561750822 0.01520003862
3.66 3.69 0.002562916139 0.01111426318
3.69 3.72 0.002563343151 0.01228683832
3.72 3.75 0.002564557362 0.01426621748
3.75 3.78 0.002565481002 0.0140881486
3.78 3.81 0.002566368319 0.01093462852
3.81 3.84 0.002567156684 0.01653871586
3.84 3.87 0.002568237484 0.02024660498
3.87 3.9 0.002568973694 0.01292763627
3.9 3.93 0.002570093377 0.01996529754
3.93 3.96 0.002571057761 0.01357330766
3.96 3.99 0.002571976511 0.01200231709
3.99 4.02 0.002572683617 0.01449840202
4.02 4.05 0.002573315287 0.009276848868
4.05 4.08 0.00257465546 0.0123484424
4.08 4.11 0.002575816587 0.0149101048
4.11 4.14 0.002576710656 0.008491522749
4.14 4.17 0.002577164909 0.01063180316
4.17 4.2 0.002578403801 0.01425361552
4.2 4.23 0.002579606837 0.01456996397
4.23 4.26 0.002580435015 0.01649727055
4.26 4.29 0.002581290202 0.01379963214
4.29 4.32 0.002582520945 0.00883798275
4.32 4.35 0.002583417576 0.0142121542
4.35 4.38 0.002584373578 0.01214891381
4.38 4.41 0.002585299779 0.01412654092
4.41 4.44 0.00258663483 0.01587147854
4.44 4.47 0.002587226685 0.008996506222
4.47 4.5 0.002588435775 0.01155788559
4.5 4.53 0.0025895664 0.01574926864
4.53 4.56 0.002590432297 0.02016630169
4.56 4.59 0.002591315657 0.0144202204
4.59 4.62 0.002592481673 0.01043394077
4.62 4.65 0.002593430225 0.01287127088
4.65 4.68 0.002594390418 0.0125909879
4.68 4.71 0.002595306141 0.01082352974
4.71 4.74 0.002596341306 0.01674890664
4.74 4.77 0.00259771198 0.01034559682
4.77 4.8 0.002598347375 0.009667775157
4.8 4.83 0.002599370899 0.01231847127
4.83 4.86 0.002600497333 0.01254793315
4.86 4.89 0.002601224696 0.0146899838
4.89 4.92 0.002602662193 0.01549539302
4.92 4.95 0.002603747649 0.008801257354
4.95 4.98 0.002604744863 0.01436847233
4.98 5.01 0.002605509711 0.01414907165
5.01 5.04 0.002606567694 0.01233183139
5.04 5.07 0.002607703907 0.01252227376
5.07 5.1 0.002609008923 0.01136765786
5.1 5.13 0.002609953517 0.01309753716
5.13 5.16 0.002610716969 0.01324671175
5.16 5.19 0.002612637589 0.004314248145
5.19 5.22 0.002613135381 0.01394611754
5.22 5.25 0.002613879973 0.01170977121
5.25 5.28 0.002615156583 0.009892732487
5.28 5.31 0.00261654146 0.01049366911
5.31 5.34 0.002617427846 0.01376774162
5.34 5.37 0.002618405037 0.01567338913
5.37 5.4 0.002619673964 0.01292301167
5.4 5.43 0.002620639978 0.008044538845
5.43 5.46 0.002621706342 0.01403588394
5.46 5.49 0.00262259366 0.01658271067
5.49 5.52 0.002623875393 0.01025286037
5.52 5.55 0.002625330584 0.01114902479
5.55 5.58 0.00262618321 0.01019802876
5.58 5.61 0.002627106151 0.009838045662
5.61 5.64 0.002628392307 0.008917532978
5.64 5.67 0.00262965844 0.01121727109
5.67 5.7 0.00263073924 0.01405631629
5.7 5.73 0.002631811658 0.0124143975
5.73 5.76 0.002633145312 0.01429375843
5.76 5.79 0.002633883385 0.01239885605
5.79 5.82 0.002635280136 0.01337181602
5.82 5.85 0.002636617515 0.01789007074
5.85 5.88 0.002637739992 0.009919078002
5.88 5.91 0.002639346058 0.0118953998
5.91 5.94 0.002639883896 0.01510524307
5.94 5.97 0.002641365631 0.014629426
5.97 6 0.002642523963 0.01352167747
6 6.03 0.002643679734 0.01699649147
6.03 6.06 0.0026450695 0.01192474228
6.06 6.09 0.002646235749 0.01519272482
6.09 6.12 0.002647112356 0.01552795002
6.12 6.15 0.002648584777 0.008675293066
6.15 6.18 0.002649561502 0.009483008762
6.18 6.21 0.002651127055 0.01613297209
6.21 6.24 0.002652296564 0.01347437064
6.24 6.27 0.002653327305 0.01650047197
6.27 6.3 0.002654729644 0.01320572774
6.3 6.33 0.002656063996 0.009590083209
6.33 6.36 0.002657103818 0.009308708832
6.36 6.39 0.002658280777 0.01267721964
6.39 6.42 0.002660006052 0.01171266704
6.42 6.45 0.002660655882 0.01444006484
6.45 6.48 0.002662196523 0.02136591211
6.48 6.51 0.002663466847 0.01057831832
6.51 6.54 0.002664851258 0.01361631585
6.54 6.57 0.002666168148 0.009444742318
6.57 6.6 0.002667306224 0.01435353624
6.6 6.63 0.002668734174 0.01327523059
6.63 6.66 0.002670188434 0.01013840447
6.66 6.69 0.002671317896 0.01282408048
6.69 6.72 0.002672650618 0.01435143204
6.72 6.75 0.002673757961 0.01646623714
6.75 6.78 0.00267507555 0.007960753283
6.78 6.81 0.002676634118 0.01403235365
6.81 6.84 0.002678033663 0.01575588103
6.84 6.87 0.00267962669 0.01547815482
6.87 6.9 0.002680619247 0.01830481342
6.9 6.93 0.002681942889 0.008436998178
6.93 6.96 0.002683396917 0.01048414706
6.96 6.99 0.002684568288 0.007644380094
6.99 7.02 0.002686127322 0.007604471466
7.02 7.05 0.002687800908 0.008127217006
7.05 7.08 0.002689237706 0.0113682283
7.08 7.11 0.002690244 0.0109914683
7.11 7.14 0.00269179279 0.01297864219
7.14 7.17 0.002692992566 0.008408569556
7.17 7.2 0.002693999559 0.01232524228
7.2 7.23 0.002695538802 0.01426122471
7.23 7.26 0.002697195392 0.01149961172
7.26 7.29 0.002698593307 0.008112603246
7.29 7.32 0.002700035227 0.01374084532
7.32 7.35 0.002701664576 0.01365204953
7.35 7.38 0.0027028888 0.01199016333
7.38 7.41 0.002704494633 0.01162963235
7.41 7.44 0.002705740044 0.01480773499
7.44 7.47 0.002707557986 0.006949498493
7.47 7.5 0.002708436456 0.01342973846
7.5 7.53 0.002710170578 0.01119757071
7.53 7.56 0.002711969195 0.01127102441
7.56 7.59 0.00271345186 0.008018004155
7.59 7.62 0.002714781091 0.005207087088
7.62 7.65 0.002715877956 0.009332130867
7.65 7.68 0.002717781579 0.008027194417
7.68 7.71 0.00271895132 0.01197054298
7.71 7.74 0.00272073294 0.01140431777
7.74 7.77 0.00272225705 0.01265759493
7.77 7.8 0.002723789308 0.01392551203
7.8 7.83 0.002725502942 0.007294595707
7.83 7.86 0.002726649866 0.008934913785
7.86 7.89 0.00272854697 0.007593914052
7.89 7.92 0.002729952801 0.01075444379
7.92 7.95 0.00273136585 0.01269496133
7.95 7.98 0.002732929541 0.01285066828
7.98 8.01 0.002735064132 0.008315189916
8.01 8.04 0.002736380557 0.009986766963
8.04 8.07 0.002738178708 0.004610859833
8.07 8.1 0.002739411313 0.01342901087
8.1 8.13 0.002741047181 0.006587766984
8.13 8.16 0.002742776182 0.009384047007
8.16 8.19 0.002744149882 0.006905431655
8.19 8.22 0.002745954553 0.007835990982
8.22 8.25 0.002747385297 0.00853174497
8.25 8.28 0.002749117324 0.01012511493
8.28 8.31 0.002750303829 0.01098109424
8.31 8.34 0.002751926426 0.008719218022
8.34 8.37 0.002754040062 0.01104699113
8.37 8.4 0.002755398862 0.01199454055
8.4 8.43 0.002757695736 0.01514514734
8.43 8.46 0.002759065945 0.01208359608
8.46 8.49 0.002760626609 0.01247394102
8.49 8.52 0.002762661781 0.01060590948
8.52 8.55 0.002763840137 0.01634638174
8.55 8.58 0.002766074613 0.01104661424
8.58 8.61 0.00276784366 0.01203279171
8.61 8.64 0.00276926998 0.01230739435
8.64 8.67 0.002771035302 0.008495683869
8.67 8.7 0.002772877691 0.009834520461
8.7 8.73 0.002774586203 0.01278801064
8.73 8.76 0.002776316134 0.01014966838
8.76 8.79 0.002777981805 0.008644488844
8.79 8.82 0.002779821167 0.01206202505
8.82 8.85 0.00278172153 0.009850035713
8.85 8.88 0.002783420961 0.008074750076
8.88 8.91 0.002785496181 0.006454697723
8.91 8.94 0.002787040081 0.01178855746
8.94 8.97 0.002789081773 0.009245216643
8.97 9 0.002790948376 0.004832353443
9 9.03 0.002792820567 0.009541897452
9.03 9.06 0.002794600325 0.01051500731
9.06 9.09 0.00279611256 0.01403370989
9.09 9.12 0.002798080677 0.007061170618
9.12 9.15 0.002799922833 0.009829894407
9.15 9.18 0.002801926574 0.007036067109
9.18 9.21 0.002803860465 0.008510614134
9.21 9.24 0.00280576176 0.007563371037
9.24 9.27 0.002807913115 0.006038680294
9.27 9.3 0.002809261903 0.006401492283
9.3 9.33 0.002811431652 0.006202409713
9.33 9.36 0.002813003259 0.00499201924
9.36 9.39 0.002815259621 0.01318150171
9.39 9.42 0.00281700585 0.0100603349
9.42 9.45 0.002819004469 0.007051882858
9.45 9.48 0.002821249655 0.01157739462
9.48 9.51 0.002823168878 0.008166473708
9.51 9.54 0.002824911382 0.01222665014
9.54 9.57 0.00282722502 0.01044754972
9.57 9.6 0.002829049015 0.01106363998
9.6 9.63 0.002830940299 0.009314609633
9.63 9.66 0.002833029255 0.00567799616
9.66 9.69 0.002835026942 0.00927885194
9.69 9.72 0.002837099833 0.006992298586
9.72 9.75 0.00283900043 0.009817122191
9.75 9.78 0.002841072157 0.01030046697
9.78 9.81 0.002843200229 0.005347039041
9.81 9.84 0.002845350653 0.009813611541
9.84 9.87 0.00284737139 0.00525061696
9.87 9.9 0.002849570476 0.008527243335
9.9 9.93 0.002851684112 0.01021821736
9.93 9.96 0.002854071092 0.01065486213
9.96 9.99 0.002856114646 0.01090570076
9.99 10.02 0.002858221065 0.01050116261
10.02 10.05 0.002860342851 0.00827236654
10.05 10.08 0.002862497931 0.01700238645
10.08 10.11 0.002864742186 0.01102582464
10.11 10.14 0.002866588766 0.01602986886
10.14 10.17 0.002869314747 0.01535896881
10.17 10.2 0.002871032106 0.01487646077
10.2 10.23 0.00287377974 0.008583936142
10.23 10.26 0.002876185346 0.01110978556
10.26 10.29 0.002877933439 0.007014964649
10.29 10.32 0.002880014712 0.01111773454
10.32 10.35 0.002882251283 0.01067427438
10.35 10.38 0.002884612186 0.008539982082
10.38 10.41 0.002886840142 0.0104657629
10.41 10.44 0.002889406402 0.01233342045
10.44 10.47 0.002891562413 0.01214073345
10.47 10.5 0.00289408979 0.009987028898
10.5 10.53 0.002896092366 0.01182610067
10.53 10.56 0.002898236271 0.01638659451
10.56 10.59 0.002901047003 0.01376329892
10.59 10.62 0.002903448651 0.01140498061
10.62 10.65 0.00290568429 0.008847109711
10.65 10.68 0.00290783681 0.007229641051
10.68 10.71 0.002910318319 0.01427822281
10.71 10.74 0.002912888303 0.01019060292
10.74 10.77 0.00291536143 0.009504276386
10.77 10.8 0.002917743288 0.01234948431
10.8 10.83 0.002920132596 0.01078135538
10.83 10.86 0.002923185704 0.01396534935
10.86 10.89 0.002925158013 0.01415476872
10.89 10.92 0.002927600639 0.01343619369
10.92 10.95 0.0029304442 0.0149838801
10.95 10.98 0.002932806499 0.009496841813
10.98 11.01 0.002935472177 0.009755189967
11.01 11.04 0.002938029589 0.01215118682
11.04 11.07 0.002940659411 0.008507281018
11.07 11.1 0.002943201223 0.01078504138
11.1 11.13 0.002945642686 0.01218622565
11.13 11.16 0.00294836238 0.01467471011
11.16 11.19 0.002950744238 0.01087571654
11.19 11.22 0.002953593154 0.0092471877
11.22 11.25 0.00295600039 0.0132130459
11.25 11.28 0.002959059551 0.0107694279
11.28 11.31 0.002961511258 0.008734553558
11.31 11.34 0.002964269836 0.009241198131
11.34 11.37 0.002966979286 0.01088872959
11.37 11.4 0.002969526453 0.011952973
11.4 11.43 0.002972618677 0.01609190658
11.43 11.46 0.002975072246 0.01261682482
11.46 11.49 0.002978101373 0.01652452338
11.49 11.52 0.002980972175 0.01547948632
11.52 11.55 0.002983644139 0.01157055885
11.55 11.58 0.002986204112 0.0123949736
11.58 11.61 0.002988982014 0.01683331066
11.61 11.64 0.002991758054 0.008973251533
11.64 11.67 0.002994689392 0.02077217796
11.67 11.7 0.002997376258 0.01330248051
11.7 11.73 0.003000028431 0.01136994979
11.73 11.76 0.003003163496 0.01834587893
11.76 11.79 0.003005788894 0.01653716317
11.79 11.82 0.003009178443 0.01579526288
11.82 11.85 0.003012125846 0.01353998814
11.85 11.88 0.003014817135 0.01577586372
11.88 11.91 0.003017908894 0.0183797325
11.91 11.94 0.003020858392 0.01093631945
11.94 11.97 0.003023956437 0.01593872148
11.97 12 0.003026883118 0.01409411634
12 12.03 0.003030148568 0.01909831481
12.03 12.06 0.003032905748 0.01657401299
12.06 12.09 0.003036248498 0.0152623732
12.09 12.12 0.003039439209 0.0157028946
12.12 12.15 0.003042752156 0.01619967661
12.15 12.18 0.003045493504 0.01446868264
12.18 12.21 0.003048598999 0.01249513152
12.21 12.24 0.003051979234 0.01225224696
12.24 12.27 0.003055018838 0.01213776923
12.27 12.3 0.003058437258 0.01363443007
12.3 12.33 0.003061504336 0.01484580134
12.33 12.36 0.003065097146 0.01725283073
12.36 12.39 0.003068184946 0.01482547814
12.39 12.42 0.003071300685 0.01547709689
12.42 12.45 0.003074538661 0.01547426946
12.45 12.48 0.003078206442 0.01490939321
12.48 12.51 0.003081647214 0.01479766652
12.51 12.54 0.003084955737 0.01422092464
12.54 12.57 0.003088402562 0.01345229102
12.57 12.6 0.003092006082 0.00951806287
12.6 12.63 0.003094875487 0.01535467309
12.63 12.66 0.003098853864 0.009648226114
12.66 12.69 0.003102318617 0.01553439797
12.69 12.72 0.003105791053 0.01589670719
12.72 12.75 0.003109243698 0.01540312951
12.75 12.78 0.003112993902 0.01414265716
12.78 12.81 0.003116627224 0.01205625449
12.81 12.84 0.003119996749 0.01251319482
12.84 12.87 0.00312366616 0.01580272365
12.87 12.9 0.003127238713 0.01387485972
12.9 12.93 0.003130976111 0.01556039788
12.93 12.96 0.0031345319 0.01181713087
12.96 12.99 0.003138504224 0.01361179602
12.99 13.02 0.003142551985 0.01832566049
13.02 13.05 0.003145898925 0.01255714014
13.05 13.08 0.003149920143 0.0129392909
13.08 13.11 0.00315386639 0.009367642633
13.11 13.14 0.003157386091 0.009109035454
13.14 13.17 0.003161075991 0.009554179996
13.17 13.2 0.00316505949 0.01242095168
13.2 13.23 0.003169131698 0.009920595039
13.23 13.26 0.003172881203 0.01534892654
13.26 13.29 0.003177164355 0.01475763129
13.29 13.32 0.003181214444 0.01322527824
13.32 13.35 0.003184987465 0.0108584929
13.35 13.38 0.003189294832 0.007098402421
13.38 13.41 0.003193351906 0.01558249351
13.41 13.44 0.003197293729 0.01141046014
13.44 13.47 0.003201672342 0.01000777411
13.47 13.5 0.00320568285 0.01466811082
13.5 13.53 0.00321000535 0.01191700067
13.53 13.56 0.003213828895 0.01270515058
13.56 13.59 0.003218070138 0.01138227963
13.59 13.62 0.003222706728 0.01447035611
13.62 13.65 0.003227096517 0.01562338002
13.65 13.68 0.003231302602 0.01233887015
13.68 13.71 0.003235528246 0.01703945163
13.71 13.74 0.003240060294 0.01472240547
13.74 13.77 0.003244234947 0.01473026641
13.77 13.8 0.003248747438 0.01531812741
13.8 13.83 0.003253347473 0.01521563681
13.83 13.86 0.003258001292 0.01732298406
13.86 13.89 0.003262584331 0.01583052217
13.89 13.92 0.003267029999 0.01808016386
13.92 13.95 0.003271472175 0.02073369978
13.95 13.98 0.003276052186 0.01421237394
13.98 14.01 0.003281050362 0.01670011115
14.01 14.04 0.003285996383 0.01324256737
14.04 14.07 0.003290633904 0.01113083417
14.07 14.1 0.003295455594 0.0187355472
14.1 14.13 0.0033000845 0.01534625917
14.13 14.16 0.003304611426 0.01325050689
14.16 14.19 0.003309970954 0.009659697389
14.19 14.22 0.003314769128 0.01238970726
14.22 14.25 0.003320058808 0.01730061049
14.25 14.28 0.003324948251 0.01430234406
14.28 14.31 0.003329770872 0.01699798886
14.31 14.34 0.003334853332 0.01613122586
14.34 14.37 0.003340362571 0.01833932329
14.37 14.4 0.003345378907 0.01534543262
14.4 14.43 0.003350619227 0.01350120001
14.43 14.46 0.003355895402 0.01069710197
14.46 14.49 0.00336127542 0.01521443482
14.49 14.52 0.003366446821 0.01965990377
14.52 14.55 0.003371539759 0.01678031986
14.55 14.58 0.003377196612 0.01747477945
14.58 14.61 0.003382869298 0.0153526722
14.61 14.64 0.003388209734 0.0163813369
14.64 14.67 0.003393602325 0.01166889997
14.67 14.7 0.003399142064 0.01597273804
14.7 14.73 0.003405038267 0.01531035377
14.73 14.76 0.00341032329 0.01867013052
14.76 14.79 0.003416046733 0.01332592219
14.79 14.82 0.00342205842 0.01639686525
14.82 14.85 0.00342764263 0.01701338188
14.85 14.88 0.003433553036 0.01715583785
14.88 14.91 0.003439651337 0.01148523661
14.91 14.94 0.003445884679 0.01533925824
14.94 14.97 0.003451637691 0.01423689246
14.97 15 0.003457489423 0.01025393067
15 15.03 0.003463794477 0.01386476652
15.03 15.06 0.003469882766 0.01176275036
15.06 15.09 0.003475923557 0.01643608121
15.09 15.12 0.00348243583 0.01555291237
15.12 15.15 0.003488927614 0.01186236987
15.15 15.18 0.003495175857 0.01720623259
15.18 15.21 0.003501329804 0.01356035937
15.21 15.24 0.003508288413 0.01649774058
15.24 15.27 0.003514888231 0.01566959254
15.27 15.3 0.003521462437 0.01625356381
15.3 15.33 0.00352802081 0.01556458301
15.33 15.36 0.003534767777 0.01620307012
15.36 15.39 0.003541511949 0.01555956987
15.39 15.42 0.003548211185 0.01828371314
15.42 15.45 0.003555017058 0.0180058938
15.45 15.48 0.00356182293 0.01722722809
15.48 15.51 0.003569256514 0.01614966459
15.51 15.54 0.003576097311 0.01473889133
15.54 15.57 0.003583360231 0.01438458421
15.57 15.6 0.003590609645 0.0176332469
15.6 15.63 0.00359773892 0.01496604236
15.63 15.66 0.003605678212 0.01546404092
15.66 15.69 0.003612924367 0.01701633591
15.69 15.72 0.003620167961 0.01423685462
15.72 15.75 0.003627879312 0.02028535528
15.75 15.78 0.003635243746 0.01483310334
15.78 15.81 0.003642915981 0.01156542203
15.81 15.84 0.003651012434 0.01320343436
15.84 15.87 0.003659098176 0.01831090776
15.87 15.9 0.003666659119 0.01439808257
15.9 15.93 0.003674639156 0.01682228904
15.93 15.96 0.003682938637 0.01620270195
15.96 15.99 0.003691233927 0.01373995037
15.99 16.02 0.003699958324 0.0157744551
16.02 16.05 0.003708007513 0.01766028145
16.05 16.08 0.003716495819 0.02650915994
16.08 16.11 0.003725067247 0.02069626498
16.11 16.14 0.003733576741 0.01750727097
16.14 16.17 0.003742078785 0.01876726019
16.17 16.2 0.003750920761 0.02066465386
16.2 16.23 0.003759922925 0.01845788793
16.23 16.26 0.00376873021 0.02105536842
16.26 16.29 0.003777916776 0.01956000051
16.29 16.32 0.003787005786 0.01968554425
16.32 16.35 0.003796450794 0.01799726888
16.35 16.38 0.003805805231 0.02065717272
16.38 16.41 0.003815014148 0.01840002369
16.41 16.44 0.003825006541 0.02209873637
16.44 16.47 0.003834868316 0.02235194406
16.47 16.5 0.003844893305 0.02171819069
16.5 16.53 0.003854485927 0.02030319156
16.53 16.56 0.003865402192 0.01709503267
16.56 16.59 0.003876551753 0.0214696367
16.59 16.62 0.00388779887 0.0237911343
16.62 16.65 0.003900084645 0.0234078645
16.65 16.68 0.003912014421 0.02426712163
16.68 16.71 0.003923581447 0.01812671107
16.71 16.74 0.003934361041 0.02078645921
16.74 16.77 0.003945805132 0.01685495372
16.77 16.8 0.003956192639 0.01726602932
16.8 16.83 0.003966193181 0.02922063868
16.83 16.86 0.003977257293 0.02770109277
16.86 16.89 0.003987465054 0.02061713749
16.89 16.92 0.003997762688 0.02065586159
16.92 16.95 0.004008190241 0.01993247424
16.95 16.98 0.004019360524 0.02036364021
16.98 17.01 0.00403023744 0.02389500733
17.01 17.04 0.004041249864 0.01867851679
17.04 17.07 0.004052332137 0.02804163378
17.07 17.1 0.004063405562 0.02404881234
17.1 17.13 0.004074729048 0.02335882891
17.13 17.16 0.0040859906 0.03310574684
17.16 17.19 0.004097980913 0.02679510799
17.19 17.22 0.004108550493 0.02274746657
17.22 17.25 0.004121639766 0.02737639297
17.25 17.28 0.004133457318 0.0245135976
17.28 17.31 0.004145151004 0.01313534158
17.31 17.34 0.004157172516 0.01681118592
17.34 17.37 0.004169780761 0.03031329834
17.37 17.4 0.004183202982 0.02753720328
17.4 17.43 0.004196038004 0.01922616648
17.43 17.46 0.004209307488 0.02027552837
17.46 17.49 0.004222097807 0.01555787021
17.49 17.52 0.004235522822 0.01805298089
17.52 17.55 0.004248888232 0.02039350802
17.55 17.58 0.004263644572 0.0203614487
17.58 17.61 0.004277049098 0.02011544129
17.61 17.64 0.004291548394 0.02550121571
17.64 17.67 0.004306307063 0.02815747284
17.67 17.7 0.004321089014 0.02618653525
17.7 17.73 0.00433650054 0.02922004496
17.73 17.76 0.004351383075 0.03004886094
17.76 17.79 0.004366959911 0.02560067223
17.79 17.82 0.004383023363 0.02457707305
17.82 17.85 0.004398400895 0.03147548414
17.85 17.88 0.004414230119 0.01869086263
17.88 17.91 0.004430415109 0.03282386751
17.91 17.94 0.004447695799 0.02266523661
17.94 17.97 0.004464710131 0.022955233
17.97 18 0.004482480232 0.01585273276
18 18.03 0.004499927163 0.02033142082
18.03 18.06 0.004517662339 0.02674273273
18.06 18.09 0.004535613582 0.02429732558
18.09 18.12 0.004554982763 0.02743284276
18.12 18.15 0.004574435297 0.02902731067
18.15 18.18 0.004593741149 0.02253860293
18.18 18.21 0.004613173194 0.02442716795
18.21 18.24 0.004632442724 0.02492559433
18.24 18.27 0.00465305103 0.01346696226
18.27 18.3 0.004673945252 0.02268769604
18.3 18.33 0.004694823176 0.02419520897
18.33 18.36 0.004717549775 0.03374570224
18.36 18.39 0.004738785326 0.02700914629
18.39 18.42 0.004762401339 0.03285977291
18.42 18.45 0.004785252735 0.01781739411
18.45 18.48 0.004808945581 0.01696204854
18.48 18.51 0.004831992555 0.01917582122
18.51 18.54 0.004856382031 0.02416855568
18.54 18.57 0.004881735425 0.02596496779
18.57 18.6 0.00490689557 0.01264028542
18.6 18.63 0.00493128784 0.01045494428
18.63 18.66 0.004958850332 0.01446372335
18.66 18.69 0.004985392094 0.01557831711
18.69 18.72 0.005012001842 0.01511834271
18.72 18.75 0.005039891694 0.02527296892
18.75 18.78 0.005068999715 0.02437753137
18.78 18.81 0.005099066067 0.01245954772
18.81 18.84 0.005128740799 0.02472138149
18.84 18.87 0.005159725435 0.02085698943
18.87 18.9 0.005189685151 0.02411465539
18.9 18.93 0.00522107305 0.01222817809
18.93 18.96 0.005253538024 0.0112171816
18.96 18.99 0.005287204403 0.0155785383
18.99 19.02 0.00532242842 0.00997149109
19.02 19.05 0.005357845686 0.008344273374
19.05 19.08 0.005394332577 0.01890039275
19.08 19.11 0.00543116359 0.02285492228
19.11 19.14 0.005467958283 0.0233586572
19.14 19.17 0.005506807473 0.01746865892
19.17 19.2 0.005547712557 0.0222004237
19.2 19.23 0.005588464439 0.02783451928
19.23 19.26 0.005628407933 0.03040497249
19.26 19.29 0.005671665538 0.02648912196
19.29 19.32 0.005716222804 0.02993544331
19.32 19.35 0.005762442481 0.02580239961
19.35 19.38 0.005808172747 0.02271876292
19.38 19.41 0.005857704207 0.01835526346
19.41 19.44 0.005908421706 0.02586160845
19.44 19.47 0.005956914742 0.02663948108
19.47 19.5 0.006011533085 0.03188088012
19.5 19.53 0.006068117917 0.03498589795
19.53 19.56 0.006127049681 0.01760872256
19.56 19.59 0.006188130472 0.01589820895
19.59 19.62 0.00625044154 0.01634954533
19.62 19.65 0.006314547267 0.0188128266
19.65 19.68 0.006381390616 0.01640666305
19.68 19.71 0.006452019326 0.01317776914
19.71 19.74 0.006527990568 0.01697551779
19.74 19.77 0.00660681678 0.01745835034
19.77 19.8 0.006690061651 0.01757522696
19.8 19.83 0.006777949631 0.01026787941
19.83 19.86 0.006870907731 0.025890494
19.86 19.89 0.006969678216 0.02303513465
19.89 19.92 0.007074735127 0.02688707027
19.92 19.95 0.00718621118 0.0255612511
19.95 19.98 0.007310302928 0.01960212685
19.98 20.01 0.007439447101 0.02910140029
20.01 20.04 0.007576093078 0.02567317279
20.04 20.07 0.00772697106 0.02422602847
20.07 20.1 0.007888144813 0.03293211339
20.1 20.13 0.008064653724 0.02507381432
20.13 20.16 0.008259919472 0.01168463205
20.16 20.19 0.00847624708 0.009438352572
20.19 20.22 0.008714836091 0.0186295365
20.22 20.25 0.008983694017 0.02349448478
20.25 20.28 0.009289338253 0.03267663124
20.28 20.31 0.009647006169 0.03294493363
20.31 20.34 0.01006460469 0.02873922349
20.34 20.37 0.01056963298 0.02942387073
20.37 20.4 0.01119997818 0.02573081001
20.4 20.43 0.01202707645 0.02362750383
20.43 20.46 0.01316571422 0.03052533721
20.46 20.49 0.01472659502 0.03414662206
20.49 20.52 0.01651195996 0.04668671172
20.52 20.55 0.01761216484 0.04860093468
20.55 20.58 0.01669437625 0.04437723837
20.58 20.61 0.01324956212 0.03683123796
20.61 20.64 0.00849285908 0.1104868017
20.64 20.67 0.004548800644 0.1274631242
20.67 20.7 0.002366364934 0.1727804891
20.7 20.73 0.001530715614 0.2439889591
20.73 20.76 0.001291275024 0.2361985389
20.76 20.79 0.001228602254 0.1876344555
20.79 20.82 0.001200278755 0.2392979804
20.82 20.85 0.001180027262 0.2788460115
20.85 20.88 0.00116170547 0.189919339
20.88 20.91 0.001145073562 0.2331754658
20.91 20.94 0.001129542128 0.2402409678
20.94 20.97 0.001112346537 0.1425659633
20.97 21 0.001098253997 0.1406655298
21 21.03 0.001082840725 0.1873761998
21.03 21.06 0.001068819314 0.1158002298
21.06 21.09 0.001058439957 0.1283476828
21.09 21.12 0.001044461736 0.1950900187
21.12 21.15 0.001032415545 0.200940948
21.15 21.18 0.001018773066 0.1887650811
21.18 21.21 0.001008305349 0.2283458598
21.21 21.24 0.0009980159812 0.2166505903
21.24 21.27 0.0009888950735 0.1677646767
21.27 21.3 0.0009790192125 0.121151295
21.3 21.33 0.0009691782179 0.08647607756
21.33 21.36 0.0009582600323 0.1449493109
21.36 21.39 0.0009496093844 0.1618523267
21.39 21.42 0.0009425738826 0.2409536391
21.42 21.45 0.0009346727165 0.2539454959
21.45 21.48 0.0009267524001 0.1634511515
21.48 21.51 0.0009192228899 0.1494848169
21.51 21.54 0.0009098645533 0.1704772818
21.54 21.57 0.0009019923746 0.2022215631
21.57 21.6 0.0008948237519 0.1188042806
21.6 21.63 0.0008879690431 0.1865014317
21.63 21.66 0.0008811538573 0.1389219076
21.66 21.69 0.0008746853564 0.1359871239
21.69 21.72 0.0008672690601 0.103263231
21.72 21.75 0.0008590120124 0.1228655572
21.75 21.78 0.0008516499656 0.201390963
21.78 21.81 0.0008468155283 0.1692280639
21.81 21.84 0.0008401939413 0.2002534224
21.84 21.87 0.0008349147392 0.1322227996
21.87 21.9 0.0008292305283 0.1003162703
21.9 21.93 0.0008236994036 0.2096121665
21.93 21.96 0.0008154993411 0.1298781135
21.96 21.99 0.0008088210598 0.09327825392
21.99 22.02 0.000801273156 0.04735401308
22.02 22.05 0.0007936196052 0.1269180211
22.05 22.08 0.0007889581611 0.2529436955
22.08 22.11 0.0007813253906 0.2442363882
22.11 22.14 0.0007759006694 0.3008847823
22.14 22.17 0.0007703943993 0.3371493425
22.17 22.2 0.0007646480808 0.2406150801
22.2 22.23 0.0007596586947 0.3074686741
22.23 22.26 0.0007549748407 0.2735626185
22.26 22.29 0.0007501351647 0.2393472474
22.29 22.32 0.0007452399004 0.2247527242
22.32 22.35 0.0007382893236 0.2662245184
22.35 22.38 0.0007350179367 0.2999164397
22.38 22.41 0.0007287528715 0.2736098832
22.41 22.44 0.000724374433 0.2196338959
22.44 22.47 0.0007186573348 0.2411010209
22.47 22.5 0.0007112728199 0.3543027444
22.5 22.53 0.0007067270926 0.2507721772
22.53 22.56 0.0006996761076 0.2637071535
22.56 22.59 0.0006935794372 0.2855505096
22.59 22.62 0.0006892032106 0.2477817703
22.62 22.65 0.0006842107396 0.290872599
22.65 22.68 0.0006799843395 0.2365585417
22.68 22.71 0.0006750995526 0.2701916499
22.71 22.74 0.0006692577153 0.238804752
22.74 22.77 0.0006637243205 0.323552778
22.77 22.8 0.000660151185 0.347504532
22.8 22.83 0.0006559789181 0.2673643176
22.83 22.86 0.0006512848195 0.3426386276
22.86 22.89 0.0006468605134 0.3057432827
22.89 22.92 0.0006418707781 0.2111688489
22.92 22.95 0.0006383378641 0.2735066926
22.95 22.98 0.0006325922441 0.2396774944
22.98 23.01 0.000627245463 0.3074728185
23.01 23.04 0.0006222912343 0.1663947827
23.04 23.07 0.0006170459674 0.2661791863
23.07 23.1 0.0006141901249 0.3200532636
23.1 23.13 0.0006099170423 0.2636383288
23.13 23.16 0.0006060756859 0.1979626017
23.16 23.19 0.0006006103358 0.2331027063
23.19 23.22 0.0005945401499 0.2528680256
23.22 23.25 0.0005905073485 0.2385691274
23.25 23.28 0.0005862725666 0.1198655926
23.28 23.31 0.0005808587885 0.2111299895
23.31 23.34 0.0005774114397 0.2198581351
23.34 23.37 0.0005731667625 0.1969836419
23.37 23.4 0.000568779069 0.1554801012
23.4 23.43 0.0005641377065 0.1419606037
23.43 23.46 0.0005610768567 0.236376212
23.46 23.49 0.0005554266972 0.26903369
23.49 23.52 0.0005511189811 0.2373650437
23.52 23.55 0.0005474546342 0.272291922
23.55 23.58 0.0005410037702 0.3247888526
23.58 23.61 0.00053842325 0.292105251
23.61 23.64 0.0005355108296 0.1783232088
23.64 23.67 0.0005301206256 0.2487406833
23.67 23.7 0.0005244166241 0.3533262061
23.7 23.73 0.0005215105484 0.4155666102
23.73 23.76 0.0005159333814 0.306685362
23.76 23.79 0.0005132419174 0.3449243261
23.79 23.82 0.0005074910005 0.3121135989
23.82 23.85 0.0005041012773 0.2275721636
23.85 23.88 0.0005005598068 0.3047398292
23.88 23.91 0.0004971599556 0.2344611101
23.91 23.94 0.0004920152132 0.2753965557
23.94 23.97 0.0004881162604 0.2853731858
23.97 24 0.0004845436197 0.2401760779
24 24.03 0.0004811524122 0.3588204738
24.03 24.06 0.000476427289 0.2296365332
24.06 24.09 0.0004727410269 0.189303956
24.09 24.12 0.0004700105346 0.3041277872
24.12 24.15 0.0004658190883 0.3532565897
24.15 24.18 0.0004614210047 0.3010210581
24.18 24.21 0.0004567686992 0.2199193928
24.21 24.24 0.0004530187289 0.23458004
24.24 24.27 0.0004493634333 0.2189627616
24.27 24.3 0.000446451857 0.2502036747
24.3 24.33 0.0004427905951 0.2816208405
24.33 24.36 0.0004390293325 0.284329569
24.36 24.39 0.0004352051183 0.3236906137
24.39 24.42 0.0004315399856 0.3665228141
24.42 24.45 0.0004281938018 0.2760493895
24.45 24.48 0.0004246475291 0.1465781126
24.48 24.51 0.0004208371392 0.3225246212
24.51 24.54 0.0004170743632 0.5056401715
24.54 24.57 0.0004142967809 0.4473602865
24.57 24.6 0.0004123526451 0.4693719558
24.6 24.63 0.0004099454382 0.444784807
24.63 24.66 0.000405609404 0.3128423821
24.66 24.69 0.0004030297569 0.2104579937
24.69 24.72 0.0003997972526 0.3328087274
24.72 24.75 0.0003968344536 0.2595712664
24.75 24.78 0.0003949797829 0.2336448291
24.78 24.81 0.0003909661609 0.3314890433
24.81 24.84 0.00038696907 0.3001739271
24.84 24.87 0.0003844151797 0.3017033683
24.87 24.9 0.0003817597753 0.3501850646
24.9 24.93 0.0003796668607 0.4020867404
24.93 24.96 0.0003756563819 0.4356349353
24.96 24.99 0.0003726907307 0.2950694412
24.99 25.02 0.0003698846558 0.2556987572
25.02 25.05 0.0003673163301 0.28069783
25.05 25.08 0.000363841973 0.3041813383
25.08 25.11 0.0003605145612 0.3086144105
25.11 25.14 0.0003593656002 0.2523235278
25.14 25.17 0.00035738718 0.2468109597
25.17 25.2 0.0003542742052 0.296354224
25.2 25.23 0.0003520213941 0.3587200539
25.23 25.26 0.000349106791 0.3538536606
25.26 25.29 0.0003467803181 0.2695422154
25.29 25.32 0.0003440606524 0.2953535179
25.32 25.35 0.0003422731534 0.2933674725
25.35 25.38 0.0003397277324 0.3041904187
25.38 25.41 0.0003372476494 0.2958223689
25.41 25.44 0.0003349593608 0.2078258898
25.44 25.47 0.0003332086198 0.2312097698
25.47 25.5 0.0003312441986 0.3628027393
25.5 25.53 0.0003284465056 0.2927052323
25.53 25.56 0.0003264003317 0.290334248
25.56 25.59 0.0003239925718 0.3237007186
25.59 25.62 0.0003218716884 0.3207155969
25.62 25.65 0.0003201379732 0.3183396067
25.65 25.68 0.0003185857204 0.3385105403
25.68 25.71 0.0003167927207 0.249033724
25.71 25.74 0.0003152936697 0.2535368782
25.74 25.77 0.0003137497697 0.2411272377
25.77 25.8 0.0003115887521 0.2292778343
25.8 25.83 0.0003100724134 0.279402989
25.83 25.86 0.0003079099115 0.1922268537
25.86 25.89 0.0003062188625 0.229536905
25.89 25.92 0.0003040195443 0.3139535198
25.92 25.95 0.0003018715652 0.2453821711
25.95 25.98 0.0003008610511 0.1241823775
25.98 26.01 0.000298843428 0.08478992968
26.01 26.04 0.0002970169298 0.1035786583
26.04 26.07 0.0002948779147 0.2065438544
26.07 26.1 0.0002935214143 0.2525381977
26.1 26.13 0.0002920732077 0.2199236769
26.13 26.16 0.0002905002912 0.2947801957
26.16 26.19 0.000288829382 0.1933108782
26.19 26.22 0.0002876371727 0.0995248789
26.22 26.25 0.0002858501393 0.0795910717
26.25 26.28 0.0002837912471 0.1590990112
26.28 26.31 0.0002824362309 0.1908000326
26.31 26.34 0.0002815595362 0.1720353379
26.34 26.37 0.00028000772 0.06772191846
26.37 26.4 0.0002787151316 0.1278471784
26.4 26.43 0.0002773839224 0.1307126135
26.43 26.46 0.0002758665651 0.1746059512
26.46 26.49 0.000274232123 0.1516247285
26.49 26.52 0.0002733728033 0.2104430692
26.52 26.55 0.0002717079187 0.2992688445
26.55 26.58 0.0002705473453 0.233723619
26.58 26.61 0.0002690087713 0.106446736
26.61 26.64 0.0002684628125 0.2398397075
26.64 26.67 0.0002667510707 0.2703170292
26.67 26.7 0.0002653858392 0.2372859046
26.7 26.73 0.0002646249777 0.1309680636
26.73 26.76 0.0002630675153 0.1241029473
26.76 26.79 0.0002620334271 0.1505059889
26.79 26.82 0.0002601310553 0.1743583707
26.82 26.85 0.0002589792421 0.1890165266
26.85 26.88 0.0002571985533 0.2367600799
26.88 26.91 0.0002565188915 0.3090799088
26.91 26.94 0.0002560949069 0.3311563749
26.94 26.97 0.0002548664634 0.2692380687
26.97 27 0.000253245933 0.2280702349
27 27.03 0.0002527177858 0.30681442
27.03 27.06 0.0002518759284 0.15975188
27.06 27.09 0.000250819081 0.155935972
27.09 27.12 0.000249744422 0.1890411368
27.12 27.15 0.0002481123083 0.08378998027
27.15 27.18 0.0002470426261 0.054061017
27.18 27.21 0.0002461246622 0.1399900764
27.21 27.24 0.0002450113534 0.1081182621
27.24 27.27 0.0002440738608 0.1847756328
27.27 27.3 0.0002433323389 0.2515665954
27.3 27.33 0.000242578506 0.2845063573
27.33 27.36 0.0002414864139 0.2666051965
27.36 27.39 0.0002404246188 0.2342280233
27.39 27.42 0.0002393227187 0.2816506894
27.42 27.45 0.0002381622617 0.2214914421
27.45 27.48 0.0002373006864 0.3617037553
27.48 27.51 0.0002359606733 0.2487006132
27.51 27.54 0.0002346124529 0.3128597746
27.54 27.57 0.0002334336605 0.2248012694
27.57 27.6 0.0002323533263 0.2632395364
27.6 27.63 0.0002320477943 0.2061143517
27.63 27.66 0.0002317219041 0.2089231741
27.66 27.69 0.0002301276254 0.1969983568
27.69 27.72 0.0002290173725 0.1170528238
27.72 27.75 0.0002285302035 0.1722083427
27.75 27.78 0.0002273711289 0.1603962039
27.78 27.81 0.0002263145143 0.1603782875
27.81 27.84 0.0002255633881 0.2516553504
27.84 27.87 0.0002242423652 0.3460337175
27.87 27.9 0.0002237256122 0.2886258066
27.9 27.93 0.0002226986835 0.2242849907
27.93 27.96 0.0002215107379 0.1533629955
27.96 27.99 0.0002207729704 0.2125451108
27.99 28.02 0.000219891328 0.2015130362
28.02 28.05 0.0002195542329 0.1888612635
28.05 28.08 0.0002180522861 0.2004766371
28.08 28.11 0.0002167245257 0.2861884423
28.11 28.14 0.0002158057468 0.206740899
28.14 28.17 0.0002152423694 0.1455883845
28.17 28.2 0.0002145798062 0.1922700554
28.2 28.23 0.0002137573902 0.199481356
28.23 28.26 0.0002131547953 0.1612216234
28.26 28.29 0.0002122901205 0.2008580603
28.29 28.32 0.0002118645207 0.1703519374
28.32 28.35 0.0002111102658 0.09099903982
28.35 28.38 0.0002106477186 0.2652639989
28.38 28.41 0.0002096643293 0.2308115829
28.41 28.44 0.0002083357831 0.191125914
28.44 28.47 0.0002077918907 0.2741722157
28.47 28.5 0.0002067099995 0.2811955987
28.5 28.53 0.0002061722189 0.2286870265
28.53 28.56 0.0002054316137 0.3027140861
28.56 28.59 0.0002048598253 0.3745151684
28.59 28.62 0.0002039937826 0.2065268345
28.62 28.65 0.0002030560281 0.2787196077
28.65 28.68 0.0002022154658 0.1458382932
28.68 28.71 0.0002013072663 0.1462162589
28.71 28.74 0.0002012596669 0.09844778106
28.74 28.77 0.0002000897221 0.1010282896
28.77 28.8 0.0001998833322 0.1761281514
28.8 28.83 0.0001993038313 0.1905514626
28.83 28.86 0.0001982177928 0.04117232747
28.86 28.89 0.0001977150969 0.1260103774
28.89 28.92 0.0001970144513 0.09068373474
28.92 28.95 0.0001961259404 0.1460355939
28.95 28.98 0.0001955061452 0.2099414123
28.98 29.01 0.000194369175 0.1807308407
29.01 29.04 0.0001941414812 0.1467409194
29.04 29.07 0.0001935228793 0.1615936519
29.07 29.1 0.0001931642328 0.201320136
29.1 29.13 0.0001922746305 0.1806040411
29.13 29.16 0.0001916719484 0.1335464884
29.16 29.19 0.000191184532 0.1579607604
29.19 29.22 0.0001908855775 0.2507669386
29.22 29.25 0.0001902111107 0.1602866105
29.25 29.28 0.0001893596782 0.2359712962
29.28 29.31 0.0001888130355 0.2125813859
29.31 29.34 0.0001877644245 0.3527095309
29.34 29.37 0.0001870237902 0.2406723332
29.37 29.4 0.0001866584789 0.2139052376
29.4 29.43 0.0001863533544 0.2216588706
29.43 29.46 0.0001853146969 0.1838241122
29.46 29.49 0.0001850266126 0.1940320246
29.49 29.52 0.0001843397476 0.2607967006
29.52 29.55 0.0001834024297 0.2489898819
29.55 29.58 0.0001825447689 0.1531554502
29.58 29.61 0.0001817226293 0.1850609086
29.61 29.64 0.0001811982074 0.2495131688
29.64 29.67 0.0001804681233 0.2167400438
29.67 29.7 0.0001801303588 0.2875375794
29.7 29.73 0.0001796224824 0.2417732496
29.73 29.76 0.0001793354022 0.2626623726
29.76 29.79 0.0001786893699 0.2046938054
29.79 29.82 0.0001783446496 0.135204033
29.82 29.85 0.0001776456775 0.3349113045
29.85 29.88 0.0001772282703 0.4034507554
29.88 29.91 0.0001765449997 0.351110613
29.91 29.94 0.0001756763813 0.3421260044
29.94 29.97 0.000175318768 0.3850114299
29.97 30 0.000174983943 0.3796221688
30 30 0.000174983943 0.3796221688
